[cam_01]
name = "cam_01"
size = [ 3840.0, 2160.0,]
matrix = [ [ 1824.6097978600892, 0.0, 1919.5], [ 0.0, 1826.6675222017589, 1079.5,], [ 0.0, 0.0, 1.0]]
distortions = [ 0.0, 0.0, 0.0, 0.0]
rotation = [ 0.0, 0.0, 0.0]
translation = [ 0.57735027, 0.57735027, 0.57735027]
fisheye = false

[cam_02]
name = "cam_02"
size = [ 3840.0, 2160.0]
matrix = [[1.82475693e+03, 0.00000000e+00, 1.91940923e+03],
 [0.00000000e+00, 1.83461166e+03, 1.07918961e+03],
 [0.00000000e+00, 0.00000000e+00, 1.00000000e+00]]
distortions = [ 0.0, 0.0, 0.0, 0.0]
rotation = [ 0.13362428, 0.4324716, -0.00672443]
translation = [-1.0875004, 0.46060845, 0.90589486]
fisheye = false

[cam_03]
name = "cam_03"
size = [ 3840.0, 2160.0]
matrix = [[1.82579338e+03, 0.00000000e+00 ,1.91966544e+03],
 [0.00000000e+00, 1.82814044e+03, 1.07923651e+03],
 [0.00000000e+00, 0.00000000e+00, 1.00000000e+00]]
distortions = [ 0.0, 0.0, 0.0, 0.0]
rotation = [ 0.04412469, 2.41755713, 0.25739706]
translation = [-1.00917456,  0.27225193,  2.09822433]
fisheye = false

[cam_04]
name = "cam_04"
size = [ 3840.0, 2160.0]
matrix = [[1.81802340e+03, 0.00000000e+00, 1.91887914e+03],
 [0.00000000e+00, 1.82741429e+03, 1.07952076e+03],
 [0.00000000e+00, 0.00000000e+00, 1.00000000e+00]]
distortions = [ 0.0, 0.0, 0.0, 0.0,]
rotation = [0.03571208, 3.1256223, 0.31394628]
translation = [-0.56046555,  0.17009259,  3.11997462]
fisheye = false

