[int_cam0_img]
name = "int_cam0_img"
size = [3840.0, 2160.0]
matrix = [[1824.6097978600892, 0.0, 1919.5], [0.0, 1826.6675222017589, 1079.5], [0.0, 0.0, 1.0]]
distortions = [0.0, 0.0, 0.0, 0.0]
rotation = [0.0, 0.0, 0.0]
translation = [0.0, 0.0, 0.0]
fisheye = false

[int_cam2_img]
name = "int_cam2_img"
size = [3840.0, 2160.0]
matrix = [[1824.7515249739286, 0.0, 1920.0], [0.0, 1827.1017102198216, 1080.0], [0.0, 0.0, 1.0]]
distortions = [0.0, 0.0, 0.0, 0.0]
rotation = [-0.03588443473774218, -2.486349404622973, -0.17564459400940063]
translation = [[0.34343853142459624], [-0.046038324633951355], [0.9380460797838321]]
fisheye = false

[int_cam3_img]
name = "int_cam3_img"
size = [3840.0, 2160.0]
matrix = [[1561.7544492010995, 0.0, 1920.0], [0.0, 1552.5177711786428, 1080.0], [0.0, 0.0, 1.0]]
distortions = [0.0, 0.0, 0.0, 0.0]
rotation = [0.06322366298506418, 2.465620993331718, 0.3195916079166389]
translation = [-0.33274324294231755, -0.08465085979220545, 1.229687154573051]
fisheye = false

[int_cam4_img]
name = "int_cam4_img"
size = [3840.0, 2160.0]
matrix = [[1825.6890391333127, 0.0, 1920.0], [0.0, 1721.2878919462785, 1080.0], [0.0, 0.0, 1.0]]
distortions = [0.0, 0.0, 0.0, 0.0]
rotation = [0.06453865587896399, 3.096420041527196, 0.38272905791233197]
translation = [-0.10265857958142742, -0.04763278274937676, 1.006175511302352]
fisheye = false

[metadata]
adjusted = false
error = 0.0
