[cam_01]
name = "cam_01"
size = [ 3840.0, 2160.0]
matrix = [ [ 1824.6097978600892, 0.0, 1919.5], [ 0.0, 1826.6675222017589, 1079.5], [ 0.0, 0.0, 1.0]]
distortions = [ 0.0, 0.0, 0.0, 0.0]
rotation = [ 0.0, 0.0, 0.0]
translation = [ 0.5773502691896258, 0.5773502691896258, 0.5773502691896258]
fisheye = false

[cam_02]
name = "cam_02"
size = [ 3840.0, 2160.0]
matrix = [ [ 1823.8776432340294, 0.0, 1921.083349551012], [ 0.0, 1932.1595964827727, 1120.845460596727], [ 0.0,0.0, 1.0]]
distortions = [ 0.0, 0.0, 0.0, 0.0]
rotation = [ 0.16782662901807152, 0.40625667114716285, -0.014132722163147501]
translation = [ -1.011796359602515, 0.5499110846036435, 0.8518223104126104]
fisheye = false

[cam_03]
name = "cam_03"
size = [ 3840.0, 2160.0]
matrix = [ [ 1824.2586556325975, 0.0, 1919.75143756575], [ 0.0, 1825.8073257530802, 1079.2426965225097], [ 0.0, 0.0, 1.0]]
distortions = [ 0.0, 0.0, 0.0, 0.0]
rotation = [ 0.04277765364308609, 2.4439688043278593, 0.2845061044552476]
translation = [ -1.204083031404135, 0.1387511286169366, 2.7868223490261728]
fisheye = false

[cam_04]
name = "cam_04"
size = [ 3840.0, 2160.0]
matrix = [ [ 1825.7913363464963, 0.0, 1920.2029675605697], [ 0.0, 1829.6047353332906, 1079.4993314345163], [ 0.0, 0.0, 1.0]]
distortions = [ 0.0, 0.0, 0.0, 0.0]
rotation = [ 0.036485026898672765, 3.0632680584422403, 0.33575059030867016]
translation = [ -0.6701782261276785, -0.060077802952043326, 4.45309096008919]
fisheye = false
