[int_cam0_img]
name = "int_cam0_img"
size = [2704.0, 2028.0]
matrix = [[1285.6727845238743, 0.0, 1352.0], [0.0, 1288.7572378482073, 1014.0], [0.0, 0.0, 1.0]]
distortions = [0.0, 0.0, 0.0, 0.0]
rotation = [0.0, 0.0, 0.0]
translation = [0.0, 0.0, 0.0]
fisheye = false

[int_cam2_img]
name = "int_cam2_img"
size = [2704.0, 2028.0]
matrix = [[1288.110287767054, 0.0, 1352.0], [0.0, 1336.3209465110847, 1014.0], [0.0, 0.0, 1.0]]
distortions = [0.0, 0.0, 0.0, 0.0]
rotation = [0.014152626294033849, 1.710538808853135, 0.26713801575554325]
translation = [[-0.7565282694304957], [-0.0889490693955566], [0.6478835085153531]]
fisheye = false

[int_cam3_img]
name = "int_cam3_img"
size = [2704.0, 2028.0]
matrix = [[1287.0164449551824, 0.0, 1352.0], [0.0, 1273.3294885655548, 1014.0], [0.0, 0.0, 1.0]]
distortions = [0.0, 0.0, 0.0, 0.0]
rotation = [0.04820163032977066, 2.972585009270022, 0.3558288768126552]
translation = [-0.1630980459908074, -0.09956840239932951, 0.9810715475618638]
fisheye = false

[int_cam4_img]
name = "int_cam4_img"
size = [2704.0, 2028.0]
matrix = [[1287.7129554580258, 0.0, 1352.0], [0.0, 1511.2150421395868, 1014.0], [0.0, 0.0, 1.0]]
distortions = [0.0, 0.0, 0.0, 0.0]
rotation = [-0.08995944521342956, -1.0772831467225605, -0.13895606055364237]
translation = [0.7926896114662678, -0.09442548901685847, 0.5999328424783945]
fisheye = false

[metadata]
adjusted = false
error = 0.0
