[int_cam0_img]
name = "int_cam0_img"
size = [3840.0, 2160.0]
matrix = [[5000.0, 0.0, 1920.0], [0.0, 5000.0, 1080.0], [0.0, 0.0, 1.0]]
distortions = [0.0, 0.0, 0.0, 0.0]
rotation = [0.0, 0.0, 0.0]
translation = [0.0, 0.0, 0.0]
fisheye = false

[int_cam1_img]
name = "int_cam1_img"
size = [3840.0, 2160.0]
matrix = [[5015.770047511388, 0.0, 1920.0], [0.0, 4944.548589688888, 1080.0], [0.0, 0.0, 1.0]]
distortions = [0.0, 0.0, 0.0, 0.0]
rotation = [-0.023029290875346917, -2.895183708480476, -0.07487384208806913]
translation = [0.13232951498673687, -0.018169986664685677, 0.9907471193184003]
fisheye = false

[int_cam2_img]
name = "int_cam2_img"
size = [3840.0, 2160.0]
matrix = [[5010.898561792597, 0.0, 1920.0], [0.0, 4823.7170845506735, 1080.0], [0.0, 0.0, 1.0]]
distortions = [0.0, 0.0, 0.0, 0.0]
rotation = [0.04837819899328724, 2.874149553372525, 0.12741884760556008]
translation = [-0.16154759311122432, -0.048531543183337036, 0.9855756195527757]
fisheye = false

[int_cam3_img]
name = "int_cam3_img"
size = [3840.0, 2160.0]
matrix = [[4967.961631689896, 0.0, 1920.0], [0.0, 5016.348440984061, 1080.0], [0.0, 0.0, 1.0]]
distortions = [0.0, 0.0, 0.0, 0.0]
rotation = [0.06312010303186934, 3.1366519093495717, 0.14913028870153583]
translation = [-0.021074133177291794, -0.05364303985526423, 0.9984730537231497]
fisheye = false

[metadata]
adjusted = false
error = 0.0
